0 1452790310935 1452815522642
1 1452790311945 1452815523618
2 1452790312946 1452815524619
3 1452790313947 1452815525618
4 1452790314949 1452815526619
5 1452790315950 1452815527628
6 1452790316951 1452815528629
7 1452790317952 1452815529628
8 1452790318953 1452815530629
9 1452790319954 1452815531628
10 1452790320955 1452815532629
11 1452790321956 1452815533628
12 1452790322957 1452815534629
13 1452790323958 1452815535628
14 1452790324959 1452815536628
15 1452790325960 1452815537639
16 1452790326961 1452815538638
17 1452790327962 1452815539639
18 1452790328963 1452815540638
19 1452790329964 1452815541639
20 1452790330965 1452815542638
21 1452790331966 1452815543639
22 1452790332967 1452815544638
23 1452790333968 1452815545639
24 1452790334970 1452815546649
25 1452790335971 1452815547648
26 1452790336972 1452815548649
27 1452790337973 1452815549648
28 1452790338974 1452815550649
29 1452790339975 1452815551648
30 1452790340976 1452815552649
31 1452790341977 1452815553648
32 1452790342978 1452815554649
33 1452790343979 1452815555649
34 1452790344980 1452815556658
35 1452790345981 1452815557659
36 1452790346982 1452815558659
37 1452790347983 1452815559659
38 1452790348984 1452815560659
39 1452790349985 1452815561659
40 1452790350986 1452815562659
41 1452790351987 1452815563659
42 1452790352988 1452815564658
43 1452790353989 1452815565659
44 1452790354990 1452815566669
45 1452790355991 1452815567669
46 1452790356992 1452815568669
47 1452790357993 1452815569668
48 1452790358994 1452815570669
49 1452790359995 1452815571668
50 1452790360996 1452815572669
51 1452790361998 1452815573668
52 1452790362999 1452815574669
53 1452790364000 1452815575679
54 1452790365001 1452815576678
55 1452790366002 1452815577679
56 1452790367003 1452815578678
57 1452790368004 1452815579679
58 1452790369005 1452815580678
59 1452790370006 1452815581679
60 1452790371007 1452815582678
61 1452790372008 1452815583678
62 1452790373009 1452815584688
63 1452790374010 1452815585689
64 1452790375011 1452815586688
65 1452790376012 1452815587689
66 1452790377013 1452815588689
67 1452790378014 1452815589689
68 1452790379015 1452815590689
69 1452790380016 1452815591689
70 1452790381017 1452815592689
71 1452790382019 1452815593688
72 1452790383020 1452815594699
73 1452790384021 1452815595699
74 1452790385022 1452815596698
75 1452790386023 1452815597699
76 1452790387024 1452815598699
77 1452790388025 1452815599699
78 1452790389026 1452815600699
79 1452790390027 1452815601699
80 1452790391028 1452815602698
81 1452790392029 1452815603709
82 1452790393030 1452815604709
83 1452790394031 1452815605708
84 1452790395032 1452815606709
85 1452790396033 1452815607709
86 1452790397034 1452815608708
87 1452790398035 1452815609709
88 1452790399036 1452815610708
89 1452790400037 1452815611709
90 1452790401039 1452815612708
91 1452790402040 1452815613718
92 1452790403041 1452815614719
93 1452790404042 1452815615718
94 1452790405043 1452815616719
95 1452790406044 1452815617718
96 1452790407045 1452815618719
97 1452790408046 1452815619718
98 1452790409047 1452815620719
99 1452790410048 1452815621719